687.0491 -0.00222987
687.04902 -0.03426605
687.04894 -0.00235284
687.04886 -0.0265912
687.04879 0.031252242
687.04871 -0.0050751
687.04864 0.050622564
687.04856 0.003570883
687.04849 0.003896249
687.04841 0.01708912
687.04833 0.037885393
687.04826 -0.00409902
687.04818 -0.02424724
687.0481 -0.02450926
687.04803 -0.01346319
687.04795 -0.03770724
687.04787 0.012136435
687.0478 0.014407385
687.04772 -0.02290105
687.04765 0.017972937
687.04757 -0.00471395
687.04749 0.034794282
687.04742 0.019905499
687.04734 0.010670178
687.04726 0.028535351
687.04719 0.020079116
687.04711 0.029754535
687.04703 -0.00092947
687.04696 -0.01211657
687.04688 0.021733654
687.04681 -0.00856145
687.04673 0.034841142
687.04665 0.02326211
687.04658 -0.02536172
687.0465 -0.00048256
687.04642 -0.02200649
687.04635 0.024708509
687.04627 0.017221509
687.04619 -0.0329648
687.04612 0.01998789
687.04604 -0.00855728
687.04597 0.006180063
687.04589 -0.01534719
687.04582 0.022200916
687.04573 -0.01044055
687.04566 -0.01559207
687.04558 0.033067878
687.04551 -0.01049326
687.04543 0.041674958
687.04536 0.003961787
687.04528 -0.00821067
687.0452 0.046101128
687.04513 0.0356821
687.04505 -0.04473119
687.04497 0.027906169
687.0449 -0.02404243
687.04482 -0.01594135
687.04474 0.008927192
687.04467 0.002795034
687.04459 -0.00450784
687.04452 0.003786813
687.04444 0.003892185
687.04436 0.042990941
687.04429 0.024767922
687.04421 0.017073099
687.04413 0.040962924
687.04406 0.028392702
687.04398 0.031419688
687.0439 0.032886541
687.04383 0.035132828
687.04375 0.033868832
687.04368 0.005698993
687.0436 0.01145321
687.04352 -0.00112049
687.04345 0.020815369
687.04337 -0.00209234
687.04329 0.033295568
687.04322 0.042361606
687.04314 0.054352089
687.04314 0.019452475
687.04306 0.039794599
687.04298 0.020947453
687.0429 0.036609047
687.04282 0.020490429
687.04273 0.07202533
687.04265 0.040112772
687.04257 0.039590085
687.04249 0.021129445
687.04241 -0.01078489
687.04233 0.022420646
687.04225 0.084285837
687.04217 0.032288378
687.04209 0.058863005
687.04201 0.055216773
687.04192 0.01920528
687.04184 0.037784504
687.04176 0.053049004
687.04168 0.066557823
687.0416 0.02937409
687.04151 0.038982916
687.04143 0.043131692
687.04135 0.046500022
687.04127 0.026471648
687.04119 0.037442816
687.04111 0.02443239
687.04103 0.019024871
687.04095 0.051441049
687.04086 0.10042947
687.04078 0.070064204
687.0407 0.06855408
687.04062 0.10837716
687.04054 0.14546994
687.04046 0.098140491
687.04038 0.16896187
687.0403 0.19201516
687.04022 0.17626938
687.04014 0.23032182
687.04005 0.26507165
687.03997 0.22124849
687.03989 0.24819847
687.03981 0.33422407
687.03973 0.26700267
687.03965 0.26763011
687.03957 0.28833914
687.03949 0.25192134
687.0394 0.26814486
687.03932 0.22958143
687.03924 0.29942052
687.03916 0.20840932
687.03908 0.2029889
687.039 0.22778842
687.03891 0.21242375
687.03883 0.17834122
687.03875 0.13977418
687.03867 0.12655246
687.03859 0.13029238
687.03851 0.12486868
687.03843 0.10092179
687.03835 0.067420919
687.03827 0.067844678
687.03818 0.059883756
687.0381 0.033010581
687.03802 0.067357095
687.03794 0.080841342
687.03786 0.06722453
687.03778 0.028650566
687.0377 0.011717863
687.03762 0.025785174
687.03754 0.042386209
687.03745 0.013754059
687.03737 0.021385304
687.03729 0.006399606
687.03721 0.013445367
687.03713 0.040572088
687.03704 0.02032043
687.03696 0.030874091
687.03688 -0.00458615
687.0368 -0.01723518
687.03672 0.021391991
687.03664 -0.01134026
687.03656 0.026116538
687.03648 0.040565873
687.0364 0.009782028
687.03631 0.006683052
687.03623 0.01138231
687.03615 -0.03734042
687.03607 0.006156765
687.03599 0.051018212
687.03591 -0.01895789
687.03583 -0.00431784
687.03575 -0.03783559
687.03567 -0.01266824
687.03558 -0.00894805
687.0355 0.019143018
687.03542 -0.01788672
687.03534 0.00649857
687.03526 -0.01883359
687.03518 0.01997838
687.0351 -0.00048071
687.03502 0.013764094
687.03493 -0.00279702
687.03485 0.032698648
687.03477 0.010872437
687.03469 -0.04877855
687.03461 -0.01562422
687.03453 0.049699402
687.03444 -0.01619197
687.03436 -0.02008376
687.03428 0.014043164
687.0342 -0.00057275
687.03412 -0.03234691
687.03404 0.001973261
687.03396 0.022840396
687.03388 0.025379352
687.0338 0.000232373
687.03371 -0.00288381
687.03363 -0.02003841
687.03355 0.001605947
687.03347 0.015645355
687.03339 0.008822994
687.03331 -0.00228966
687.03323 0.015842534
687.03315 0.002389573
687.03307 -0.01710836
687.03299 0.007261337
687.0329 -0.00073419
687.03282 0.03669739
687.03274 -0.00015473
687.03266 0.016998935
687.03257 0.017774613
687.03249 0.012116125
687.03241 0.000997553
687.03233 0.005475986
687.03225 0.016388356
687.03217 0.030224304
687.03209 0.029827316
687.03201 -0.00897968
687.03193 0.047747899
687.03184 -0.01855054
687.03176 0.054163696
687.03168 0.014574641
687.0316 0.021778183
687.03152 0.012018498
687.03144 -0.00183578
687.03136 0.015894335
687.03128 -0.00848974
687.0312 -0.00772286
687.03112 0.023848357
687.03103 0.002192619
687.03095 0.024209148
687.03087 -0.00856128
687.03079 -0.01481594
687.03071 -0.05031705
687.03063 -0.00958549
687.03055 -0.02559023
687.03055 0.000535688
687.03046 0.009287321
687.03038 -0.01257194
687.0303 -0.01902907
687.03022 0.004343898
687.03013 0.020892124
687.03005 -0.01403228
687.02997 0.011678432
687.02989 0.021206162
687.02981 -0.01469429
687.02973 0.015693923
687.02964 6.8869e-05
687.02956 -0.00132383
687.02948 -0.03254767
687.0294 -0.01307938
687.02932 -0.02110285
687.02924 -0.00436576
687.02915 -0.01297506
687.02907 0.007270455
687.02899 -0.00816374
687.02891 -0.00410175
687.02883 -0.00510948
687.02875 -0.0080676
687.02866 0.004766459
687.02858 0.005317117
687.0285 0.001382596
687.02842 -0.00703675
687.02834 -0.04762665
687.02826 0.036758429
687.02818 0.038671327
687.02809 0.016016904
687.02801 0.063551199
687.02793 0.035046608
687.02785 0.060938175
687.02777 0.014885618
687.02768 0.044675482
687.0276 0.06881058
687.02752 0.081637011
687.02744 0.056443645
687.02735 0.076873103
687.02727 0.060452346
687.02719 0.06957207
687.02711 0.06562829
687.02703 0.079036345
687.02695 0.075676732
687.02686 0.065102331
687.02678 0.008514505
687.0267 0.070467846
687.02662 0.062816431
687.02654 0.012856324
687.02646 0.045562478
687.02637 -0.03383949
687.02629 -0.00366901
687.02621 0.029230524
687.02613 0.039318461
687.02605 0.057399116
687.02597 -0.03662836
687.02588 -0.00080638
687.0258 0.0404741
687.02572 -0.02352917
687.02564 0.011316084
687.02556 0.001707896
687.02548 -0.02466832
687.02539 0.020703834
687.02531 -0.02127065
687.02523 -0.04199428
687.02515 -0.05433479
687.02507 -0.01754349
687.02498 0.021001935
687.0249 -0.0131765
687.02482 0.01269492
687.02474 0.001911342
687.02465 -0.00653305
687.02457 -0.00854402
687.02449 0.02083494
687.02441 0.01609344
687.02433 -0.00502622
687.02425 0.003489008
687.02416 0.016682984
687.02408 -0.00463295
687.024 -0.03550325
687.02392 -0.01529205
687.02384 -0.00404994
687.02376 -0.00333675
687.02367 -0.00301361
687.02359 0.008811753
687.02351 0.01069309
687.02343 -0.01745142
687.02335 -0.04403682
687.02327 -0.02772898
687.02319 -0.00362313
687.0231 0.028085771
687.02302 -0.02072818
687.02294 -0.00832228
687.02286 -0.02789154
687.02278 0.001085578
687.0227 0.001206793
687.02261 -0.03064753
687.02253 -0.00947066
687.02245 -0.02319372
687.02237 0.020598624
687.02229 -0.01886179
687.0222 -0.00997031
687.02212 -0.01960137
687.02204 -0.00174188
687.02196 -0.05641214
687.02187 -0.0600009
687.02179 -0.03083514
687.02171 0.012562818
687.02163 -0.04327903
687.02155 -0.0223037
687.02147 -0.01848629
687.02138 0.004437634
687.0213 -0.03541919
687.02122 -0.01522558
687.02114 -0.01901409
687.02106 -0.0138346
687.02098 -0.01352997
687.02089 -0.01887978
687.02081 -0.00687769
687.02073 0.012337513
687.02065 -0.03922183
687.02057 0.045112056
687.02049 -0.00118419
687.0204 0.043570085
687.02032 0.005461398
687.02024 0.004396491
687.02016 0.012494612
687.02008 -0.01450244
687.02 -0.01225426
687.01991 -0.01195654
687.01983 -0.00970984
687.01975 0.004624511
687.01967 0.003165917
687.01959 0.003656703
687.0195 0.003366644
687.01942 0.006195677
687.01934 0.00434487
687.01926 -0.00121101
687.01917 -0.05940875
687.01909 -0.01115407
687.01901 -0.01924616
687.01893 -0.02577899
687.01885 0.024228895
687.01877 0.029783568
687.01868 -0.00463164
687.0186 -0.00414778
687.01852 0.03669435
687.01844 0.00403234
687.01836 0.002175235
687.01828 0.002072184
687.01819 -0.04462934
687.01811 -0.00573979
687.01803 -0.01130368
687.01795 -0.02642132
687.01795 -0.01959747
687.01787 0.001569892
687.01779 0.002850181
687.01771 -0.04480738
687.01763 -0.01486801
687.01756 -0.01456402
687.01748 -0.00295242
687.0174 -0.01415315
687.01731 0.000771925
687.01723 0.014136831
687.01716 -0.04717272
687.01708 -0.00651313
687.017 0.027711972
687.01692 0.055307174
687.01684 -0.00619887
687.01676 0.029584357
687.01668 -0.05180968
687.0166 0.008928423
687.01652 0.005521245
687.01645 -0.05657241
687.01637 -0.04087396
687.01629 0.001340339
687.01621 0.01937774
687.01613 0.013823053
687.01605 -0.03033588
687.01597 0.029228589
687.01589 -0.00245355
687.01581 -0.00820505
687.01573 -0.00225874
687.01565 0.008366344
687.01557 -0.00440596
687.01549 -0.01015934
687.01541 0.020156159
687.01534 0.005042754
687.01526 -0.0270331
687.01518 0.013809088
687.0151 0.020530806
687.01502 0.014969374
687.01494 -0.0399201
687.01486 0.009498469
687.01478 0.007834731
687.0147 0.010265045
687.01462 -0.0292242
687.01454 0.000305775
687.01446 -0.02105195
687.01438 -0.02076839
687.0143 -0.04563706
687.01423 0.007092326
687.01415 0.059431171
687.01407 0.030466723
687.01399 0.006376488
687.01391 0.014065722
687.01383 0.021364156
687.01375 -0.00487232
687.01367 0.004375198
687.01359 0.011477082
687.01352 -0.02684912
687.01344 -0.02462199
687.01335 0.005875087
687.01327 -0.04317629
687.0132 -0.00722103
687.01312 -0.00207149
687.01304 -0.01427509
687.01296 0.030842211
687.01288 -0.0215258
687.0128 -0.01735365
687.01272 0.008655071
687.01264 -0.01349415
687.01256 0.016802544
687.01248 0.022143017
687.01241 0.02806787
687.01233 0.031262611
687.01225 0.016129276
687.01217 -0.00368344
687.01209 0.049811905
687.01201 -0.01913462
687.01193 0.006674137
687.01185 0.027608067
687.01177 0.032553487
687.01169 0.057385781
687.01161 0.015732988
687.01153 -0.00544904
687.01145 0.048237238
687.01138 0.069752996
687.0113 0.051299034
687.01122 0.001649899
687.01114 0.079120486
687.01106 0.085621549
687.01098 0.099335556
687.0109 0.065866813
687.01082 0.14801449
687.01074 0.10557575
687.01066 0.13293599
687.01058 0.076653777
687.0105 0.11454094
687.01042 0.18362327
687.01034 0.17276736
687.01027 0.1665898
687.01019 0.19609169
687.01011 0.16066814
687.01003 0.18022552
687.00995 0.16995168
687.00987 0.13608626
687.00979 0.15915163
687.00971 0.16622847
687.00963 0.12573269
687.00956 0.15425556
687.00948 0.14105403
687.00939 0.12453793
687.00931 0.13726687
687.00923 0.096183057
687.00916 0.11066565
687.00908 0.099216834
687.009 0.068269986
687.00892 0.049606108
687.00884 0.050243792
687.00876 0.020660645
687.00868 0.074913508
687.0086 0.029536779
687.00852 0.023153557
687.00845 0.034901518
687.00837 -0.01184154
687.00829 0.002440414
687.00821 0.048306547
687.00813 0.023593467
687.00805 0.058540766
687.00797 0.002826158
687.00789 -0.01233485
687.00781 0.002918813
687.00773 0.047612534
687.00765 0.005738749
687.00757 0.008512971
687.00749 -0.0054808
687.00741 0.070210504
687.00734 0.020731359
687.00726 -0.00749685
687.00718 0.012626757
687.0071 0.050882261
687.00702 0.051313181
687.00694 0.027956959
687.00686 0.059387086
687.00678 0.027451443
687.0067 0.058100357
687.00662 0.0616482
687.00654 0.029126292
687.00646 0.11514527
687.00638 0.084181554
687.0063 0.10332506
687.00623 0.093807387
687.00615 0.078829718
687.00607 0.11883342
687.00599 0.093131781
687.00591 0.064309712
687.00583 0.11094087
687.00575 0.11721269
687.00567 0.11763448
687.00559 0.10850276
687.00552 0.09157176
687.00544 0.10057115
687.00535 0.086563133
687.00535 0.10157578
687.00528 0.084490712
687.0052 0.065260475
687.00513 0.060457255
687.00506 0.076125724
687.00498 0.039736761
687.00491 0.00802664
687.00483 0.016284399
687.00476 0.084592918
687.00468 0.041378292
687.00461 -0.03108279
687.00453 0.060620838
687.00446 0.018964508
687.00438 -0.0012455
687.00431 0.027285918
687.00424 0.014678759
687.00416 -0.02736926
687.00409 -0.02769412
687.00401 -0.0042337
687.00393 0.028780172
687.00386 0.035082938
687.00379 0.042359563
687.00371 -0.02367255
687.00364 0.003100543
687.00356 0.008621582
687.00349 -0.01003467
687.00341 0.059240432
687.00334 0.005294233
687.00326 0.009448653
687.00319 -0.01798296
687.00311 -0.01207477
687.00304 -0.00831175
687.00296 -0.05543683
687.00289 0.030407719
687.00282 -0.00423975
687.00274 -0.02212019
687.00266 0.013810279
687.00259 0.019325248
687.00251 0.026399582
687.00244 0.025869707
687.00237 0.03099298
687.00229 -0.00014816
687.00222 0.030515689
687.00214 0.053964902
687.00207 0.001375778
687.00199 -0.00344625
687.00192 -0.03322486
687.00184 -0.04487209
687.00177 -0.00212278
687.00169 0.013915108
687.00162 -0.0088463
687.00155 -0.00509283
687.00147 -0.00211926
687.00139 -0.04359921
687.00132 0.004411097
687.00124 0.019276475
687.00117 -0.01752554
687.0011 -0.00890003
687.00102 -0.00553962
687.00095 0.00522954
687.00087 0.0405645
687.0008 -0.00598872
687.00072 0.007508676
687.00065 0.013401862
687.00057 0.031382785
687.0005 0.023821604
687.00042 0.029128535
687.00035 -0.04725739
687.00027 0.043055367
687.0002 -0.02767772
687.00013 -0.02061793
687.00005 -0.00497991
686.99997 -0.03301597
686.9999 -0.01698899
686.99982 0.004106861
686.99975 0.011749268
686.99968 -0.01414406
686.9996 0.000906334
686.99953 -0.04487424
686.99945 -0.00213902
686.99937 -0.00171323
686.9993 -0.00304211
686.99923 -0.01840932
686.99915 0.00775114
686.99908 -0.02555409
686.999 0.009379468
686.99893 0.045287663
686.99886 -0.00049763
686.99878 0.051007195
686.9987 0.021793931
686.99863 -0.02925628
686.99855 0.002554602
686.99848 0.025591968
686.99841 -0.02019558
686.99833 0.037544997
686.99826 0.027046186
686.99818 0.035848991
686.99811 0.000978029
686.99803 0.021672466
686.99796 0.045486559
686.99788 0.067935237
686.99781 -0.00398171
686.99773 0.040692116
686.99766 0.052611217
686.99758 0.022026334
686.99751 0.079372037
686.99744 0.038452888
686.99736 0.002017723
686.99728 0.080419127
686.99721 0.029554655
686.99713 0.013589821
686.99706 0.036618551
686.99699 0.10721905
686.99691 0.10412079
686.99684 0.097707745
686.99676 0.14900512
686.99668 0.1100308
686.99661 0.12272329
686.99654 0.19234661
686.99646 0.21205721
686.99639 0.18965338
686.99631 0.23041981
686.99624 0.24233012
686.99617 0.24527109
686.99609 0.228715
686.99601 0.29034135
686.99594 0.30478442
686.99586 0.34359796
686.99579 0.33327916
686.99572 0.40289748
686.99564 0.36723161
686.99557 0.39434501
686.99549 0.37954012
686.99542 0.41406199
686.99534 0.37917373
686.99527 0.38581409
686.99519 0.39576834
686.99512 0.33943258
686.99504 0.30064311
686.99497 0.28856448
686.99489 0.32191338
686.99482 0.3303057
686.99474 0.23750774
686.99467 0.26812568
686.99459 0.25546004
686.99452 0.18332744
686.99444 0.21277423
686.99437 0.18431451
686.9943 0.15098018
686.99422 0.12856316
686.99415 0.14572509
686.99407 0.11706853
686.99399 0.077883151
686.99392 0.1322824
686.99385 0.09036667
686.99377 0.061513441
686.9937 0.11942068
686.99362 0.067755119
686.99355 0.097976365
686.99348 0.026422931
686.9934 0.017648758
686.99332 0.018818104
686.99325 0.017452411
686.99317 0.006337639
686.9931 0.038895391
686.99303 0.00477327
686.99295 -0.01297169
686.99288 -0.01122068
686.9928 0.028549631
686.99273 -0.00674409
686.99265 0.034974839
686.99258 0.046082626
686.9925 -0.02430693
686.99243 0.057574437
686.99235 -0.03874743
686.99228 0.042743158
686.9922 -0.02920804
686.99213 -0.02024719
686.99205 0.010549358
686.99198 0.02048422
686.9919 -0.02865737
686.99183 0.017930874
686.99175 0.032153134
686.99168 0.014400443
686.99161 -0.01973015
686.99153 -0.02910059
686.99146 -0.00942045
686.99138 0.07323447
686.9913 -0.00301144
686.99123 -0.03461023
686.99116 -0.04378758
686.99108 0.03009198
686.99101 -0.03192301
686.99093 -0.08964953
686.99086 -0.03312387
686.99079 -0.05029712
686.99071 0.007787098
686.99063 -0.07645669
686.99056 0.003658479
686.99048 -0.03847273
686.99041 -0.01197544
686.99034 -0.05800694
686.99026 -0.00928369
686.99019 -0.04927201
686.99011 -0.01010362
686.99003 -0.05867152
686.98996 -0.05401328
686.98989 -0.00880216
686.98981 -0.02130203
686.98974 0.000317357
686.98966 0.013162588
686.98959 -0.00772281
686.98951 -0.03562719
686.98944 0.006657253
686.98936 0.051865536
686.98929 -0.03745611
686.98921 0.000927575
686.98914 0.007920546
686.98906 -0.02954067
686.98899 -0.00363641
686.98892 -0.00385868
686.98884 -0.06062266
686.98877 -0.02945625
686.98869 -0.05327122
686.98861 -0.03828764
686.98854 -0.05820449
686.98847 -0.03639797
686.98839 -0.05202595
686.98832 -0.03879903
686.98824 -0.05364852
686.98817 -0.00532787
686.9881 -0.04649886
686.98802 -0.023915
